les et en en de en et les
[[0.94761336 0.95632386 0.927765   0.92924875 0.92924505 0.93853825
  0.91323173 0.9253637  0.9228744  0.9379743 ]]
[[0.9026687  0.90260404 0.90268916 0.9024614  0.9024446  0.9024985
  0.9024906  0.90255725 0.9027285  0.9024351 ]]
i want to see some difference between
[[0.9331077  0.9368146  0.9368503  0.1267672  0.9393493  0.93822753
  0.9238995  0.92125165 0.9365771  0.9281076 ]]
[[0.93732667 0.9337673  0.45154655 0.92821896 0.93473667 0.93463105
  0.9353841  0.93677676 0.9294805  0.6221684 ]]
not do  i think my papers now
[[0.15682858 0.22040965 0.14272621 0.40917692 0.14757559 0.12483466
  0.13825288 0.15347755 0.14321983 0.1360791 ]]
[[0.2206175  0.16128728 0.15380044 0.22081976 0.20092855 0.1627343
  0.2038681  0.20213042 0.22046328 0.21576843]]
don suppose she is the bishop of
[[0.8730133  0.8885018  0.8712261  0.8954042  0.8776804  0.8738743
  0.87180185 0.88173515 0.88857335 0.85544574]]
[[0.8711452  0.88539    0.8728101  0.89111865 0.8793267  0.8676543
  0.8752515  0.8823897  0.8684762  0.8746353 ]]
sirdar ordered to him would bring himself
[[0.93375546 0.85746336 0.93396133 0.9369527  0.9355215  0.9344265
  0.93673205 0.8929684  0.9273366  0.90875626]]
[[0.9355215  0.9344265  0.93673205 0.8929684  0.9273366  0.90875626
  0.9331612  0.89106965 0.92210495 0.91251063]]
question  mr  and jarndyce snagsby
[[0.7766763]]
[[0.7766763]]
are the servant of the first harbor or
[[0.9581164  0.96633554 0.9468099  0.93461794 0.9196808  0.91980803
  0.9493782  0.93794316 0.94912654 0.9360187 ]]
[[0.9174109  0.9041779  0.8900789  0.9310459  0.90751326 0.8980004
  0.88914365 0.9099409  0.87262195 0.91684866]]
  very different stanhope is an art i
[[0.83140165 0.15421508 0.25671476 0.8280672  0.40967426 0.26379016
  0.29285777 0.11780477 0.36756334 0.23830271]]
[[0.34284112 0.38035765 0.47751886 0.36087763 0.33603325 0.3537642
  0.5084338  0.4113772  0.35666737 0.47189036]]
 i will by instinct becomes absolutely
[[0.10159745 0.69540334 0.07414994 0.10383274 0.11962801 0.12029736
  0.10486908 0.1015858  0.11549529 0.10866751]]
[[0.11089163 0.11625953 0.11201868 0.10937743 0.10359114 0.11173096
  0.11388743 0.11018861 0.10843997 0.10720769]]
hesitation and yet thou wouldst weary criticism
[[0.89712244 0.88375634 0.8776957  0.88699615 0.87056035 0.8817044
  0.87647176 0.86670077 0.8863638  0.8823573 ]]
[[0.8778295  0.86508805 0.8814445  0.88347703 0.87604165 0.867489
  0.88236827 0.8807621  0.8769807  0.83968884]]
only have is old enough to nathan
[[0.86629856 0.92606276 0.9063575  0.92768353 0.9283465  0.9135929
  0.92549866 0.9267158  0.9197248  0.92203367]]
[[0.91963524 0.9161924  0.9177661  0.91374665 0.9102965  0.87683696
  0.92444193 0.90296537 0.5013207  0.9271685 ]]
    not i  exclaimed
[[0.07618283 0.09453161 0.07786429 0.08507048 0.12542547 0.09042718
  0.0862681  0.08670942 0.08024281 0.08112718]]
[[0.0784847  0.07642514 0.07770002 0.07730437 0.07829642 0.0782645
  0.07838042 0.0763002  0.06903574 0.08733565]]
 that there were no reason on lewis
[[0.75447094 0.6678918  0.84687597 0.6575282  0.9294376  0.81907994
  0.8922891  0.65248054 0.8968943  0.90749353]]
[[0.7246228  0.681867   0.6484311  0.7529863  0.73241144 0.74581105
  0.66730917 0.68826455 0.6944508  0.5894632 ]]
abrupt manner     i ventured
[[0.12686098 0.07932638 0.08683015 0.08155788 0.10671445 0.08847501
  0.08831931 0.0903866  0.08102082 0.08238282]]
[[0.09289028 0.09340065 0.09293381 0.09191055 0.09222002 0.09217224
  0.09113169 0.09138732 0.09258124 0.09025121]]
up  out every i hope
[[0.24202031 0.15174791 0.86443496 0.2538507  0.18975693 0.18591046
  0.17793693 0.1594835  0.17219068 0.1755423 ]]
[[0.11752915 0.10532457 0.10387948 0.0968906  0.11905568 0.10050744
  0.11795516 0.09660219 0.09810149 0.09769638]]
said i was not altogether daring as his
[[0.90667474 0.92040664 0.92080975 0.91436684 0.9138375  0.9029587
  0.91185695 0.9071916  0.91704446 0.91530645]]
[[0.91421795 0.85116196 0.87935716 0.8986267  0.8719908  0.50599647
  0.77084386 0.7689445  0.8442084  0.8912182 ]]
i proposed marriage his visit
[[0.37401527 0.23184805 0.2618148  0.322024   0.9212209  0.7785322
  0.8757128  0.24877262 0.81748265 0.29589266]]
[[0.27591074 0.25696716 0.19701906 0.26154807 0.18574321 0.2726696
  0.09813502 0.18329856 0.10849176 0.0936225 ]]
  i wished it to raise money
[[0.9260036  0.92767006 0.9383135  0.9359533  0.92044634 0.8853186
  0.9169394  0.92116326 0.9403452  0.90735406]]
[[0.92300165 0.93394667 0.83901006 0.93324304 0.9313915  0.93022394
  0.9350494  0.9406413  0.9394027  0.87230986]]
   fanny  said she
[[0.8491744  0.8807338  0.4278149  0.88388723 0.8460146  0.86880916
  0.89459985 0.33146083 0.8984802  0.38929832]]
[[0.20969462 0.20497133 0.21618529 0.19171381 0.2075496  0.21233967
  0.20987184 0.21731694 0.19814616 0.19298136]]
and that general purchase from the civilised member
[[0.9691102  0.9682976  0.9591337  0.97491765 0.9693917  0.94550794
  0.95765173 0.95933306 0.95898545 0.94738925]]
[[0.9365728  0.932118   0.94167453 0.9444526  0.9517601  0.94231606
  0.9329549  0.93278444 0.94455403 0.9416093 ]]
published it  i think we found
[[0.30912924 0.11846063 0.3672957  0.05530278 0.05575716 0.07241425
  0.7513878  0.16474016 0.13771288 0.06343351]]
[[0.05728212 0.11686511 0.04870717 0.07081307 0.07087463 0.10026166
  0.10513175 0.10509714 0.05909479 0.08782154]]
upon them tudor was made haste to
[[0.839779   0.8895657  0.87463063 0.85795045 0.8906684  0.8903493
  0.8615631  0.8010898  0.8559961  0.8692975 ]]
[[0.8269053  0.8589068  0.77641994 0.83448476 0.81933266 0.8410866
  0.770882   0.8676193  0.8080702  0.87242216]]
sir wycherly found     maiden
[[0.05211259 0.43288973 0.49314177 0.4719477  0.44635755 0.48601627
  0.50013536 0.4682398  0.4887785  0.48395267]]
[[0.4719477  0.44635755 0.48601627 0.50013536 0.4682398  0.4887785
  0.48395267 0.46047047 0.4948793  0.46736842]]
the publication of this note miss denham
[[0.8601159  0.88367033 0.86963844 0.87085027 0.9008834  0.8889334
  0.8597955  0.86863345 0.86070955 0.85905135]]
[[0.87642473 0.90674734 0.8870238  0.9050451  0.8682891  0.8559611
  0.8774352  0.85450804 0.8767928  0.8552197 ]]
  chapter  jacob   
[[0.7470889  0.77148896 0.7279016  0.58049977 0.708708   0.5355476
  0.3817147  0.5222055  0.6275719  0.43355256]]
[[0.36553657 0.36675936 0.36595175 0.37415606 0.36500266 0.36513472
  0.36500984 0.36516887 0.36516356 0.36515415]]
   i had not interrupted too
[[0.588573   0.902065   0.11148253 0.13357902 0.11956331 0.12250404
  0.11657195 0.13957092 0.7518473  0.57537663]]
[[0.0848598  0.08584998 0.06425188 0.12240735 0.07903652 0.07286788
  0.11476589 0.10435693 0.12246109 0.09125559]]
i do not do   he said greatness
[[0.05741748 0.04518152 0.11643756 0.04159377 0.2217737  0.02303635
  0.11515104 0.03414452 0.04231422 0.18579362]]
[[0.04026084 0.06576975 0.06595304 0.08611192 0.07147735 0.09464777
  0.10427843 0.07047001 0.11522125 0.06097308]]
i shall you heart now   
[[0.895592   0.35623533 0.90061384 0.13340834 0.29536563 0.11218527
  0.65402937 0.8561953  0.23541631 0.27382946]]
[[0.16040927 0.15751177 0.14255689 0.15299909 0.15824847 0.17506725
  0.1499986  0.17218508 0.15852885 0.14959644]]
asked lewis to rollo up a with a
[[0.8968497  0.90664893 0.9078918  0.90724844 0.88635486 0.90954274
  0.9085527  0.9067    ]]
[[0.8968497  0.90664893 0.9078918  0.90724844 0.88635486 0.90954274
  0.9085527  0.9067    ]]
do as dear richard with sir wycherly  
[[0.06541584 0.0683846  0.07267908 0.06263358 0.04789479 0.05884344
  0.053536   0.05342334 0.0533153  0.07431715]]
[[0.06541584 0.0683846  0.07267908 0.06263358 0.04789479 0.05884344
  0.053536   0.05342334 0.0533153  0.07431715]]
french  i have the mind to say
[[0.9000679  0.90912914 0.9207862  0.9162461  0.8967632  0.9105663
  0.90058035 0.9154739  0.9046555  0.9288792 ]]
[[0.9192029  0.90537596 0.89675033 0.92938226 0.9021953  0.90536207
  0.86777526 0.9414846  0.9182453  0.8866844 ]]
illustration end   the stranger domiloff
[[0.8557199]]
[[0.8557199]]
nicholas young speaking of the emperor for
[[0.93069065 0.9007171  0.891894   0.9068679  0.9151501  0.9197353
  0.916807   0.91838473 0.9213672  0.9105354 ]]
[[0.8722978  0.8676898  0.8743946  0.8723242  0.88139385 0.87999225
  0.88334966 0.8882211  0.87661606 0.887923  ]]
  i am going to save your life
[[0.91087234 0.6346091  0.91809267 0.9243316  0.9046531  0.9054592
  0.28931662 0.89743525 0.8939724  0.8981457 ]]
[[0.88416183 0.89388144 0.9063779  0.88498247 0.9014828  0.91005087
  0.88418466 0.8974081  0.5096654  0.8902814 ]]
was that denbigh had never used at home
[[0.83343    0.86090034 0.87421876 0.88641566 0.874723   0.9124975
  0.8725376  0.9049551  0.8705728  0.85354173]]
[[0.9124975  0.8725376  0.9049551  0.8705728  0.85354173 0.8395825
  0.845653   0.86793065 0.8535923  0.87149435]]
   right i had down her
[[0.46972686 0.40439352 0.6723275  0.41098934 0.6395129  0.38182855
  0.3017395  0.21586467 0.366238   0.5765555 ]]
[[0.17080016 0.14190546 0.47737786 0.15248851 0.14614242 0.1375897
  0.13808545 0.15882063 0.17633827 0.14357723]]
said lewis    it seems now quite
[[0.46219864 0.4600806  0.8291891  0.14563733 0.3264484  0.26370108
  0.16898924 0.18748298 0.17617737 0.29288596]]
[[0.23745406 0.28734794 0.21167393 0.22757491 0.27928087 0.2097248
  0.23397754 0.30373836 0.35980967 0.3594419 ]]
 i never uttered a chin with
[[0.85812706 0.8801836  0.9154533  0.9142988  0.91241664 0.8649321
  0.8953485  0.90116984 0.91275257 0.86808497]]
[[0.91351426 0.90065247 0.9141069  0.91376114 0.9125814  0.6444414
  0.8193902  0.8903977  0.41394264 0.9115015 ]]
that his guilt thinks that i fear
[[0.9078447  0.90084255 0.8607595  0.9113447  0.90791315 0.8505342
  0.9176396  0.8505867  0.8682779  0.87695503]]
[[0.84242636 0.15489261 0.62083036 0.8709222  0.5613529  0.855469
  0.80328405 0.8904771  0.15727803 0.8949344 ]]
doctor   asked randal    
[[0.26846433 0.29287192 0.19661139 0.21434398 0.20972367 0.19454373
  0.19578409 0.23424219 0.19906843 0.21904293]]
[[0.18943578 0.18935165 0.18964022 0.1928839  0.19171181 0.18816198
  0.18741098 0.18811257 0.18885835 0.18866342]]
  says the trooper    
[[0.97937155 0.94180816 0.9575247  0.9218295  0.9350263  0.97011393
  0.92487746 0.9340726  0.94309413 0.94211584]]
[[0.95006067 0.9355772  0.9588574  0.9235773  0.9747273  0.9699524
  0.957467   0.93095124 0.97452796 0.9761261 ]]
but to allow everything and deane awoke to
[[0.8948944  0.884606   0.89560854 0.9025091  0.91303664 0.90457547
  0.90895927 0.90144265 0.90104    0.89781135]]
[[0.8917956  0.90308845 0.89212817 0.8979586  0.89673203 0.8971028
  0.8994394  0.8825505  0.8754818  0.87588626]]
i hope i may agree with her
[[0.2079191  0.15582494 0.8352646  0.10983486 0.24415548 0.11573502
  0.58827585 0.14583395 0.11128842 0.26001075]]
[[0.2302156  0.36199385 0.1879148  0.18555808 0.1698502  0.26915187
  0.1443171  0.21896994 0.19614309 0.14496844]]
himself and the thunder and i thought
[[0.9012746  0.9233695  0.92814934 0.94699204 0.9200302  0.90557015
  0.9405242  0.9039835  0.93675286 0.9133545 ]]
[[0.89033604 0.88662505 0.9166713  0.8944986  0.87285554 0.8803515
  0.8941193  0.88566035 0.88477457 0.8840433 ]]
 would any one would feel kitty up
[[0.07911772 0.0438663  0.04811204 0.08998363 0.0705279  0.01684156
  0.05719376 0.05932466 0.05883383 0.05355089]]
[[0.07970746 0.07686229 0.09582426 0.09581737 0.08178864 0.09641733
  0.08051791 0.08478636 0.07811284 0.08711069]]
thought in the waggon for he was
[[0.9239245  0.9216225  0.901416   0.9429529  0.9125954  0.88912445
  0.9077634  0.910899   0.90464574 0.90856206]]
[[0.87836784 0.88984776 0.8771098  0.8755226  0.87192976 0.8684029
  0.8712173  0.9011284  0.8618     0.86066914]]
back if it happened to charley i
[[0.83164644 0.87587225 0.8607409  0.8552356  0.8826493  0.8584232
  0.86386174 0.87809247 0.84395736 0.8214445 ]]
[[0.85013324 0.8787158  0.8741652  0.85919493 0.8514659  0.77474064
  0.8383602  0.7932489  0.86771953 0.86503345]]
gervaise oakes allow a woman of what may
[[0.9268835  0.93684727 0.92103195 0.94497806 0.92119133 0.91866225
  0.92457503]]
[[0.9268835  0.93684727 0.92103195 0.94497806 0.92119133 0.91866225
  0.92457503]]
word  dryden as change as he had
[[0.41065317 0.9179369  0.28359205 0.40386137 0.38337246 0.81394464
  0.450974   0.89377487 0.4933881  0.8933485 ]]
[[0.35603642 0.52125365 0.2653058  0.27962413 0.41104767 0.26120585
  0.34399673 0.3430785  0.18417011 0.33903563]]
nice declaration  she got you  i
[[0.8620013  0.8837501  0.75266    0.83751607 0.8952309  0.89621025
  0.21195437 0.30601183 0.8753812  0.861291  ]]
[[0.3875898  0.3758732  0.42377964 0.35306424 0.36007366 0.38612688
  0.36100096 0.36516097 0.35827434 0.36055332]]
  i never moved nearer than it is
[[0.80612504 0.9121037  0.82510674 0.8783501  0.7338141  0.84311455
  0.72676206 0.8092379  0.84196067 0.4242742 ]]
[[0.12334003 0.8352126  0.139841   0.11489937 0.30849543 0.1908989
  0.1156009  0.5197939  0.14322668 0.16930641]]
