an necessity   he did not
[[0.7123947  0.89603895 0.89564604 0.89619887 0.8960233  0.8941572
  0.8880006  0.87760174 0.8960335  0.89434147]]
[[0.05222005 0.00155368 0.00184655 0.0022645  0.00201282 0.00251737
  0.0023438  0.00297856 0.00359485 0.08664685]]
 readers of you in lady byron on
[[0.9013638  0.9022726  0.90366435 0.90284204 0.9034537  0.9035213
  0.9038789  0.90483487 0.90207446 0.9045285 ]]
[[0.89546376 0.89530444 0.89591336 0.8941333  0.8953682  0.90320015
  0.8987782  0.89605856 0.89424974 0.89977473]]
 poyser however regarding so much about them
[[0.00584477 0.05688292 0.04320434 0.00458577 0.00174379 0.01027155
  0.00039333]]
[[0.00584477 0.05688292 0.04320434 0.00458577 0.00174379 0.01027155
  0.00039333]]
rectus don think that you were   
[[0.8970745 0.8944317 0.8859198 0.8937751 0.8926786 0.8887782]]
[[0.8970745 0.8944317 0.8859198 0.8937751 0.8926786 0.8887782]]
bowl or in their service  now then
[[0.89801186 0.8977692  0.89535767 0.8974451  0.8971591  0.8947879
  0.8986788  0.89631176 0.8926254  0.8972476 ]]
[[0.89025754 0.8955101  0.8903785  0.8969418  0.89162344 0.8909396
  0.88879883 0.89054036 0.88366187 0.89345706]]
are about among the fourth the two
[[0.91817087 0.91161036 0.9090543  0.9061352  0.9108422  0.9072671
  0.91263676 0.9070672  0.9111629  0.9169573 ]]
[[0.89739347 0.8978888  0.899905   0.8977922  0.8978896  0.89790285
  0.8977388  0.89705163 0.8969538  0.9002408 ]]
pursued towards the old writer in his eyes
[[0.903893   0.90340173 0.8951629  0.89260936 0.90376794 0.89260256
  0.9016259  0.90267235 0.8974974  0.9040215 ]]
[[0.9023048  0.9006155  0.89886105 0.8991823  0.8997588  0.895263
  0.90064514 0.89828795 0.9016959  0.900601  ]]
i can do as the minutes of old
[[0.89344764 0.8875178  0.8842689  0.8854107  0.88892233 0.88645303
  0.88286114 0.88524425 0.8826607  0.88205576]]
[[0.8901176  0.8946358  0.893728   0.88778186 0.8923632  0.8830253
  0.88245416 0.8980911  0.8932302  0.88252133]]
in his name he has of notions which
[[0.8989961  0.9004369  0.8990115  0.89908224 0.899915   0.8996495
  0.89818376 0.89687353 0.9019737  0.8973105 ]]
[[0.8983918  0.89550203 0.89707714 0.8967619  0.8967197  0.8964524
  0.88393015 0.8765218  0.8966413  0.8974789 ]]
  tom twice caught a beautiful picture
[[0.8857877  0.88253593 0.8825019  0.87952435 0.88369477 0.8846531
  0.8823567  0.8849248  0.88483524 0.88658684]]
[[0.8798551  0.87290233 0.8733723  0.8719333  0.87204754 0.87295437
  0.85104513 0.87153053 0.8749862  0.8769338 ]]
neither of existing   i
[[0.88653624 0.8839953  0.8885005  0.8890935  0.8884648  0.8777988
  0.8732767  0.8836347  0.8880894  0.887701  ]]
[[0.8995827  0.89961207 0.8998178  0.8999537  0.8995814  0.89992106
  0.9000188  0.9003842  0.899439   0.8985156 ]]
  races  rudimentary organs on 
[[0.00072816 0.00075608 0.00215989 0.00060514 0.00056902 0.00378573
  0.00067329 0.00272897 0.00956103 0.00135615]]
[[0.0015685  0.00155869 0.00145274 0.00150764 0.00150952 0.00085142
  0.00150508 0.00139782 0.0015004  0.00103459]]
which for the young girl a couple of
[[0.90461075 0.8948256  0.8963052  0.89477295 0.89386076 0.89895594
  0.89758444 0.89830685 0.8942941  0.89391476]]
[[0.90454185 0.89807594 0.9042201  0.90493584 0.9035277  0.90516984
  0.9034866  0.8984885  0.9047857  0.9008271 ]]
by every instrument  then the vice
[[0.8856381  0.8863855  0.88166827 0.88689184 0.88517344 0.88505155
  0.88685185 0.88353336 0.88237303 0.8829274 ]]
[[0.8880118  0.88782877 0.88066065 0.8944763  0.89373624 0.89413
  0.8944931  0.8907298  0.8949423  0.88129795]]
  take young men of made the
[[0.89934325 0.89668924 0.8978703  0.89854354 0.8986306  0.8966964
  0.89580774 0.8978457  0.89635444 0.8965578 ]]
[[0.8928046  0.8940449  0.89417005 0.89324415 0.8931285  0.89330184
  0.89321065 0.89311373 0.89174306 0.8947556 ]]
will begin to at court east wind the
[[0.8972136  0.89295393 0.89552367 0.8937568  0.90699744 0.88993174
  0.8973565  0.8928113  0.8977542  0.9018422 ]]
[[0.88976973 0.88973886 0.8905681  0.89179635 0.8873427  0.88568735
  0.8884724  0.8965429  0.8882855  0.88867676]]
  native history of england i suppose that
[[0.90626395 0.90360916 0.90237933 0.90271145 0.90339875 0.90094364
  0.8996768  0.90037537 0.89978975 0.90111566]]
[[0.8964607  0.89701086 0.892823   0.8972924  0.89941674 0.89767087
  0.89991176 0.8980503  0.88866746 0.90550184]]
kate quickly    oh 
[[0.0146412  0.00357193 0.00327364 0.00384748 0.00313768 0.00395739
  0.00386152 0.00369099 0.00352383 0.00351945]]
[[0.00306442 0.00313002 0.00307268 0.00302255 0.00311232 0.00300086
  0.0030784  0.00300145 0.003052   0.00314581]]
 read this book once mentioned mrs 
[[0.8898011  0.89832366 0.89191043 0.8906474  0.9007555  0.89736336
  0.89620864 0.8768426  0.8890931  0.89597464]]
[[0.8978189  0.8975944  0.89756787 0.89716655 0.8978069  0.89778686
  0.8978858  0.8778017  0.89784133 0.8903092 ]]
always refused by any means would to
[[0.8922303  0.8921493  0.8942687  0.88951045 0.8935383  0.88599217
  0.8947741  0.8921653  0.8857732  0.88435936]]
[[0.87683713 0.87947595 0.8807523  0.8792923  0.8835849  0.8764641
  0.85759425 0.8740634  0.29803407 0.88480866]]
wants to them to make more than
[[0.9015385  0.89957833 0.9004706  0.90430546 0.90178096 0.9003659
  0.9002368  0.89896464 0.9009917  0.9005226 ]]
[[0.89727163 0.89679503 0.8971541  0.8987694  0.89724475 0.896544
  0.89667714 0.89712465 0.02464017 0.8987633 ]]
 you began since they dirt and
[[0.89585805 0.8959906  0.89668524 0.89647985 0.89715075 0.8956713
  0.8956634  0.8934989  0.8956754  0.8942219 ]]
[[0.8982645  0.8957654  0.89731985 0.89250493 0.892311   0.8932487
  0.8933948  0.8938808  0.8943813  0.8940952 ]]
