of wood   said mrs  wilson 
[[0.8961202  0.9001725  0.8992868  0.90512484 0.8998234  0.89574224
  0.8992494  0.90115005 0.9012952  0.90064853]]
[[0.9050887  0.9026449  0.9027593  0.9019944  0.9048722  0.90052754
  0.89909065 0.9050833  0.9024631  0.89984024]]
 for sir henry james  if i
[[0.8939513  0.89579153 0.8936193  0.8941022  0.89731324 0.8950081
  0.8881264  0.891387   0.89350355 0.8922756 ]]
[[0.29028428 0.67441654 0.00371265 0.8919884  0.01301056 0.61808693
  0.33094174 0.00432998 0.00186917 0.8942787 ]]
ireland is the necessary proper  all i
[[0.88731074 0.88360965 0.88310814 0.882281   0.8836743  0.8824178
  0.89121646 0.8830931  0.8828234  0.883301  ]]
[[0.8905376  0.89523    0.89856815 0.89687264 0.88318384 0.89867437
  0.8901967  0.8941029  0.8981279  0.8825904 ]]
fierce fight   sir arthur and
[[0.88381517 0.897619   0.88224393 0.8875429  0.88629603 0.8986831
  0.8860578  0.88675857 0.8979224  0.8973936 ]]
[[0.8964537  0.8973905  0.889328   0.88921034 0.8947799  0.8844763
  0.89061713 0.88542175 0.89195406 0.884825  ]]
has told arthur he had an unusual movement
[[0.08651277 0.08828044 0.45568576 0.20885035 0.0834516  0.8612169
  0.8152406  0.01304579 0.5518088  0.00474846]]
[[0.03116947 0.22330901 0.02237222 0.13578445 0.2566583  0.07274139
  0.13780433 0.11404875 0.16458967 0.03292257]]
as und you be fed for us is
[[0.89626765 0.88779116 0.873199   0.8915083  0.8664795  0.8620962
  0.8970725  0.8957801  0.7139225  0.88890696]]
[[0.864119   0.37232482 0.26066434 0.7620195  0.13099542 0.10945025
  0.14976424 0.0302121  0.00252375 0.87594366]]
egyptians back      why
[[0.00349298 0.05991095 0.0017333  0.00139019 0.00130603 0.00104535
  0.0013831  0.00132746 0.0012702  0.00074115]]
[[0.0005725  0.0007157  0.0007073  0.00060475 0.00073698 0.00061169
  0.00069928 0.00068754 0.00077662 0.00070834]]
byron works   he handed it with
[[0.8948177  0.8975475  0.898094   0.8983001  0.89796734 0.8981036
  0.89421403 0.8990559  0.899142   0.8959664 ]]
[[0.551163   0.8910645  0.8874988  0.88557017 0.88790536 0.85917425
  0.8942188  0.88435745 0.1020093  0.8989753 ]]
them a little delightful religious intelligence arthur
[[0.89863557 0.8974004  0.89693415 0.8993529  0.89872384 0.8975464
  0.89575154 0.8966802  0.8957871  0.89780104]]
[[0.8972231  0.8974459  0.8968081  0.8942156  0.8961134  0.8985309
  0.89763427 0.89613914 0.87413573 0.89633846]]
had left his child so stephen would declare
[[0.88374555 0.88731015 0.89164466 0.44824696 0.8900806  0.8295785
  0.8818004  0.88767    0.8901738  0.89894664]]
[[0.00134796 0.2758656  0.00211331 0.372843   0.05614144 0.7068899
  0.00155532 0.12142414 0.0048658  0.8439646 ]]
one when charlotte told her story she found
[[0.89688283 0.90122175 0.90029794 0.9007554  0.89781207 0.8076218
  0.8997368  0.89844286 0.9003824  0.70015544]]
[[0.02074811 0.03587407 0.14663932 0.04172865 0.03354269 0.06403112
  0.15585926 0.09235898 0.04860955 0.6482173 ]]
miss say  baby perish out  satan 
[[0.8552048  0.77217513 0.44409153 0.00122726 0.00882083 0.04235101
  0.3457461  0.0737206  0.8303752  0.57234466]]
[[0.24177536 0.4343851  0.40077436 0.31819862 0.6352639  0.6004684
  0.40830988 0.44950548 0.17037481 0.29452032]]
wouldst have you such a hours  
[[0.8981065  0.90042365 0.8984117  0.8984921  0.8979367  0.8992888
  0.8989663  0.9000149  0.89879227 0.8981422 ]]
[[0.8983442  0.8992471  0.90050614 0.8981759  0.90099204 0.89835346
  0.90088594 0.90109956 0.87053233 0.8998747 ]]
  in scotland my lord  
[[0.90202856 0.89615715 0.88632447 0.8959172  0.90243447 0.8985479
  0.90163815 0.9007632  0.90159404 0.8986472 ]]
[[0.90447825 0.90244466 0.90363216 0.89396185 0.9020606  0.9076367
  0.8987106  0.90399355 0.9053981  0.90144694]]
nicholas have married a long letter   says
[[0.8928774  0.89213496 0.89102995 0.89369714 0.8913232  0.8928113
  0.8921498  0.8925531  0.89269924 0.89020157]]
[[0.8925234  0.8884728  0.88587856 0.8917322  0.8878994  0.88668305
  0.8859521  0.8835025  0.8551726  0.8878013 ]]
deane looked at him    you 
[[0.8961716  0.89791524 0.88923156 0.89482355 0.8913916  0.8980531
  0.89708185 0.89639646 0.8873663  0.8942578 ]]
[[0.00973704 0.6046115  0.7276701  0.01060343 0.79116833 0.00571883
  0.45687202 0.00451928 0.00321382 0.885946  ]]
shakespeare   from you also belong to
[[0.8892132  0.8843925  0.88121104 0.8798162  0.8869126  0.8789703
  0.8820127  0.88328004 0.8838635  0.8717234 ]]
[[0.8756207  0.87736464 0.8696845  0.8654711  0.8769494  0.843399
  0.7712654  0.7879547  0.00252882 0.87560356]]
speak to sir arthur hunter at his
[[0.8959129  0.8991573  0.898241   0.8934983  0.90080744 0.8983588
  0.89665496 0.8995365  0.89735806 0.89796907]]
[[0.89702225 0.8979954  0.89681244 0.89533    0.89668024 0.00133529
  0.89850557 0.89621246 0.8893987  0.89855075]]
that he had paid adam nothing but
[[0.9051297  0.8939665  0.90393746 0.90078425 0.8956221  0.8977258
  0.9038867  0.9015522  0.9021959  0.8970752 ]]
[[0.8962225  0.89538515 0.9013952  0.8897308  0.9007443  0.8892137
  0.89925313 0.89995813 0.901071   0.8937279 ]]
nicholas  the persons who placed on it
[[0.9019209  0.8801559  0.8820807  0.8776064  0.8999583  0.88562715
  0.88085735 0.8730334  0.8776914  0.89085424]]
[[0.8760762  0.8758763  0.87915033 0.86793923 0.8879483  0.8749459
  0.8911427  0.89577204 0.8702237  0.8775483 ]]
hall anna after a harvest and so
[[0.89944893 0.90020907 0.89927167 0.89946234 0.89927936 0.9002036
  0.89918303 0.90055734 0.89950293 0.8995274 ]]
[[0.89955676 0.9001758  0.89985824 0.89862967 0.8999623  0.90028775
  0.89954495 0.8942161  0.8988191  0.89998907]]
you die men more than the last mexican
[[0.8953347  0.89441466 0.89484584 0.89619946 0.89577127 0.8948184
  0.89446294 0.89719117 0.89555734 0.8968866 ]]
[[0.8944452  0.89520997 0.8935244  0.89611644 0.8952405  0.8962742
  0.8960261  0.89388674 0.8960292  0.89481866]]
the francis answered with a sudden determination
[[0.8678305  0.8897622  0.88937366 0.87911963 0.86906445 0.8866024
  0.8679435  0.87703776 0.8941722  0.8854534 ]]
[[0.87716603 0.8675736  0.8667083  0.8664676  0.86518586 0.8653276
  0.8763587  0.88034034 0.86598575 0.87844   ]]
michael the creature was answered that she had
[[0.9057802  0.8869902  0.88397145 0.8809498  0.8809917  0.8780832
  0.90798926 0.90384746 0.8826374  0.8804972 ]]
[[0.88885593 0.8973936  0.8752185  0.87652457 0.88191205 0.87500143
  0.8754045  0.90722644 0.8821106  0.87826645]]
   well armed sir arthur would
[[0.8977647  0.8927248  0.8927383  0.893959   0.8924057  0.8935591
  0.8929231  0.89555156 0.89535487 0.89586544]]
[[0.2868138  0.00391352 0.01013765 0.0233877  0.00352669 0.0086101
  0.02645096 0.22721887 0.00731257 0.18299496]]
nicholas   he was much successful
[[0.88046527 0.89408267 0.89825016 0.8959646  0.89056957 0.8919977
  0.8918662  0.89529    0.8959026  0.8946289 ]]
[[4.3397135e-01 8.8704109e-01 8.9167225e-01 5.5198842e-01 8.8788354e-01
  1.1776209e-02 2.4414131e-01 9.5917702e-02 4.0814281e-04 8.9007735e-01]]
cried tom   a child  peter
[[0.8965194  0.89553446 0.89222705 0.89726615 0.89711404 0.89608157
  0.89618444 0.89668953 0.89648795 0.8960664 ]]
[[0.893      0.89333546 0.89351267 0.8920624  0.8936612  0.89201045
  0.8951676  0.8627647  0.891799   0.89316666]]
called the again preparing in health at nicholas
[[0.90709174 0.9066857  0.8897208  0.89281726 0.87057847 0.8841156
  0.88284826 0.8729862  0.89873147 0.89469826]]
[[0.87221384 0.87977976 0.88302195 0.87203413 0.8713251  0.87016344
  0.872692   0.8757056  0.87278116 0.8913764 ]]
val were the key in a glass
[[0.898783   0.8877215  0.89589804 0.90176046 0.8959956  0.8967184
  0.8877067  0.9017968  0.88793474 0.9020246 ]]
[[0.90197235 0.90106523 0.9016651  0.90129316 0.8932002  0.89439297
  0.90092325 0.9021796  0.9012412  0.8920249 ]]
  in edinburgh every occasion increased by
[[0.8891796  0.8949736  0.89507186 0.89687324 0.89557624 0.89590657
  0.8968724  0.8954009  0.89466256 0.89590746]]
[[0.89732563 0.89645475 0.8966075  0.8971683  0.89667404 0.8970307
  0.89481056 0.89743143 0.8970257  0.8964827 ]]
legend of spain  no in 
[[0.89318395 0.89599335 0.89207506 0.9003564  0.89913356 0.9002422
  0.90069586 0.89787793 0.9000374  0.8805961 ]]
[[0.8960128  0.8949896  0.8963749  0.89582527 0.8957096  0.8960161
  0.8957247  0.895141   0.89870846 0.8996375 ]]
the of india great britain  and as
[[0.87860453 0.87996364 0.87992257 0.8789613  0.8763006  0.8769248
  0.8782657  0.8796096  0.87599695 0.86790824]]
[[0.87128043 0.8665103  0.8915311  0.87610376 0.8758889  0.8882873
  0.89095825 0.8717433  0.8936469  0.87090385]]
a wet rabbit bark from the spanish 
[[0.8850185  0.89196146 0.88620067 0.8845454  0.89184356 0.8965597
  0.8951233  0.89028275 0.8855908  0.8942337 ]]
[[0.8979169  0.89397055 0.8967784  0.8971877  0.8973132  0.89808214
  0.8979436  0.89746547 0.8975179  0.89489007]]
mrs  val not on that of the
[[0.89897186 0.90145004 0.89951646 0.90134495 0.89937425 0.89858806
  0.89984226 0.8995507  0.8989387  0.9023806 ]]
[[0.89965105 0.8980578  0.8977601  0.9021037  0.89944816 0.90391034
  0.90019476 0.8998287  0.90417457 0.89826196]]
called about the young christmas and especially the
[[0.9193     0.9324454  0.92208266 0.9257331  0.90483034 0.93079174
  0.9051732  0.9076943  0.9087402  0.95493084]]
[[0.8958956  0.8960351  0.895958   0.89514226 0.89565754 0.89611554
  0.9076233  0.8957195  0.8975799  0.90896547]]
adam and resentment of his own prayer 
[[0.89795756 0.88405585 0.872784   0.87304795 0.8923671  0.87800735
  0.90145445 0.8697593  0.8685558  0.89323056]]
[[0.8720176  0.8766556  0.8846077  0.87107253 0.8713039  0.87295616
  0.88392967 0.87484825 0.87228084 0.87884814]]
for my gilbert  what old sometimes
[[0.89581406 0.26752925 0.50298303 0.79604876 0.8953365  0.8885309
  0.6268892  0.88937724 0.8825119  0.14961702]]
[[2.6137829e-03 8.8614386e-01 6.3917041e-04 8.2327509e-01 2.2761226e-02
  4.1845739e-03 8.1916893e-01 1.5208393e-02 6.0366094e-03 4.5111775e-04]]
to account   the desert anna greeks 
[[0.89352405 0.89245576 0.89891636 0.8990098  0.89168394 0.8943533
  0.8922069  0.8920871  0.8941106  0.89245355]]
[[0.9083571  0.9096769  0.9062606  0.9083296  0.90646505 0.9101223
  0.9003113  0.9046336  0.904518   0.8995687 ]]
 gallant i had chosen   deane asked
[[0.87773484 0.8873807  0.86911345 0.88109565 0.8768359  0.7226088
  0.8705045  0.8762987  0.88163936 0.8582355 ]]
[[0.00080425 0.00194627 0.02749696 0.00145257 0.00101885 0.00088838
  0.00086832 0.00102052 0.00090376 0.00306576]]
 brother here john   says adam to
[[0.86846244 0.8694278  0.81139964 0.8644881  0.86017084 0.8211782
  0.8645587  0.8728994  0.8660978  0.8604183 ]]
[[0.8367593  0.86383533 0.78519034 0.85322034 0.7259152  0.86183923
  0.8173255  0.00570682 0.6062198  0.8660088 ]]
name of charge by sir ralph as not
[[0.89927876 0.89580417 0.8996377  0.8999913  0.8968248  0.8974533
  0.90100443 0.8993422  0.8858795  0.8940341 ]]
[[0.8925098  0.8903527  0.8930981  0.89195836 0.8919536  0.8949615
  0.8918178  0.8879372  0.85445154 0.89531285]]
did beat near where the spanish scottish
[[0.88368475 0.88359857 0.8866404  0.8867431  0.8841464  0.89416397
  0.8843921  0.8856214  0.88453716 0.8947606 ]]
[[0.88666576 0.8940673  0.8915066  0.8917326  0.89794517 0.8923967
  0.8963518  0.8864629  0.8935858  0.8858348 ]]
have been understood of lady margaret who
[[0.8800406  0.8904536  0.88778114 0.88620526 0.889819   0.89920247
  0.88086593 0.8804512  0.89228094 0.8846983 ]]
[[0.87731767 0.87803805 0.86376023 0.8651781  0.872755   0.84169793
  0.84975857 0.8525214  0.01171839 0.87615585]]
want her of the  troy had 
[[0.8950893  0.89723074 0.8993224  0.89594364 0.89794916 0.8961975
  0.896989   0.9048815  0.8988581  0.8993246 ]]
[[0.8974465  0.8963604  0.9019642  0.89749664 0.90056217 0.90091985
  0.9009835  0.894875   0.8964301  0.89848167]]
   anna had put her on
[[0.78213483 0.88894045 0.8944526  0.89615506 0.83960205 0.9025472
  0.90304095 0.89437866 0.90028906 0.9029467 ]]
[[0.0009383  0.00116599 0.00089896 0.00183848 0.00507689 0.00082189
  0.00396663 0.01117843 0.00082916 0.00798956]]
by an irish writer   but
[[0.8982425  0.8987832  0.89812165 0.89857125 0.89756393 0.89818585
  0.89957404 0.89923555 0.8988777  0.8982775 ]]
[[0.9015586  0.89951783 0.89979255 0.90038234 0.89965427 0.89917874
  0.89853257 0.9028413  0.89412355 0.8975769 ]]
from the devoted philip of an duke but
[[0.9104651  0.91115254 0.88701296 0.91357076 0.88707757 0.87842774
  0.9190891  0.90849495 0.8817529  0.87453777]]
[[0.87481976 0.8834964  0.87635267 0.8895383  0.87555194 0.871908
  0.87111425 0.8877406  0.87340397 0.8907838 ]]
your vanity little and reader of troy in
[[0.8904468  0.8942787  0.89242816 0.8936821  0.89405644 0.8923334
  0.89756405 0.8966918  0.89163333 0.8936349 ]]
[[0.8974584  0.8968171  0.8971772  0.8944405  0.8990404  0.89739776
  0.894588   0.89220345 0.8949212  0.8921377 ]]
oh oh dear jane   lord exclaimed 
[[0.89142156 0.49544883 0.05916288 0.00404182 0.00166172 0.00729996
  0.00494266 0.01273182 0.02893174 0.00801885]]
[[0.00791833 0.00770697 0.00695917 0.00655332 0.00805858 0.00730315
  0.00605461 0.00644994 0.00528383 0.00538066]]
read me  cougar all i get 
[[0.8999376  0.9004628  0.8972394  0.8975511  0.8992935  0.90057814
  0.8882624  0.88710296 0.9005478  0.88811326]]
[[0.8793433  0.86408484 0.8394376  0.87236893 0.8680122  0.863855
  0.8464749  0.87254846 0.8001231  0.8838524 ]]
the customary in germany and folly of proportion
[[0.8954939  0.87402314 0.89379495 0.8909094  0.89009804 0.88948625
  0.8804066  0.87763983 0.89796245 0.8710779 ]]
[[0.8532504  0.85824907 0.8753851  0.86034316 0.85570335 0.85484385
  0.8563123  0.8562907  0.8747959  0.87499154]]
but without the argument that thou didst
[[0.89067715 0.89254093 0.88458604 0.8855276  0.8886285  0.88891554
  0.88531095 0.88883805 0.8836969  0.8819513 ]]
[[0.90293354 0.897623   0.89689076 0.900853   0.90114427 0.8971723
  0.8883501  0.89961934 0.9011805  0.88742936]]
should know where in sudden ice   joe
[[0.8857261  0.8902224  0.89014375 0.8902023  0.8891333  0.88609564
  0.8912673  0.8867707  0.8893459  0.8867078 ]]
[[0.8874799  0.88715446 0.888767   0.888587   0.8883922  0.8887153
  0.88714993 0.8827305  0.8818174  0.88621247]]
say the peter had fought to all una
[[0.8936746  0.8817321  0.9009129  0.8807968  0.9056199  0.90074444
  0.8875754  0.8811054  0.8843949  0.8896351 ]]
[[0.8959645 0.8885695 0.891829  0.888693  0.8828887 0.8830788 0.8816758
  0.9042063 0.87876   0.8818156]]
and scotland debt  at the same
[[0.8889587  0.88632625 0.88933957 0.87771    0.8946574  0.89035964
  0.8983972  0.894564   0.89609325 0.89649737]]
[[0.86040986 0.8634821  0.8619494  0.86368906 0.87767327 0.8620101
  0.8657383  0.8618257  0.8851221  0.87927854]]
king also for an irish capital administration
[[0.8822733  0.866763   0.8642179  0.74083614 0.86852694 0.8655572
  0.86944675 0.37837353 0.8735609  0.86881286]]
[[8.3833826e-01 1.4861357e-01 4.9455130e-01 5.9876919e-01 6.4711994e-01
  4.3418153e-05 4.1937590e-02 5.5997252e-01 6.3148141e-04 8.6397409e-01]]
the wait of a world for washington 
[[0.89174163 0.87827605 0.8905351  0.8784375  0.8653008  0.8798796
  0.87560314 0.88027155 0.86900866 0.8689261 ]]
[[0.8672162  0.8713244  0.8645526  0.8654021  0.86545134 0.86528695
  0.869512   0.8672751  0.8657935  0.88078105]]
thou to curse me dick paused for a
[[0.8983456  0.8966794  0.8993194  0.90168643 0.90497327 0.89773333
  0.89693534 0.90143806 0.8980454  0.8970438 ]]
[[0.898637   0.89727545 0.89668953 0.89402497 0.891328   0.8971884
  0.8990005  0.889675   0.00218892 0.89918876]]
a great measure among the egyptians which
[[0.90766346 0.88832104 0.88751394 0.8945646  0.8964426  0.88174194
  0.8832489  0.89534605 0.88442075 0.88295794]]
[[0.88977826 0.8843137  0.884398   0.8917322  0.88338304 0.88839877
  0.88674784 0.8851995  0.8917592  0.8870122 ]]
3  i  adam would have sat
[[0.88055134 0.8786882  0.70279336 0.45924607 0.4249415  0.4515538
  0.23751765 0.56411576 0.87705815 0.8561554 ]]
[[0.31263405 0.05272692 0.0353702  0.19338104 0.01897311 0.14625934
  0.0246284  0.01635405 0.00754726 0.47094163]]
