the gay papa had pushed the field
[[0.8819107  0.86639214 0.88824034 0.8792751  0.88425195 0.8782566
  0.8892521  0.8770728  0.8815284  0.8845338 ]]
[[0.8614672 0.860886  0.8706591 0.8740036 0.8774932 0.8618429 0.8680556
  0.8606778 0.8884419 0.868917 ]]
they are   she said as she vanderbank
[[0.900266]]
[[0.900266]]
come off for help there   susan said
[[0.88615704 0.86435306 0.884041   0.6768082  0.8831287  0.7004534
  0.8788389  0.04705939 0.28093895 0.8815017 ]]
[[8.7185228e-01 9.7619742e-02 6.4431882e-01 4.2764643e-01 4.3258768e-01
  7.3913825e-01 8.6101401e-01 7.7072239e-01 1.0474065e-01 4.1430641e-05]]
sam the other yorkshire he had la
[[0.89793354 0.8991262  0.8830408  0.8957775  0.87639844 0.9025214
  0.8708821  0.90630674 0.8885256  0.88627696]]
[[0.8690998  0.87029266 0.8877785  0.87329984 0.8686818  0.8739808
  0.87569237 0.90607953 0.88710785 0.8782803 ]]
otterbourne house   i was lucky for you
[[0.8622496  0.34843808 0.02879879 0.7123584  0.20276073 0.78756714
  0.12672186 0.2800464  0.82964957 0.82820225]]
[[0.34843808 0.02879879 0.7123584  0.20276073 0.78756714 0.12672186
  0.2800464  0.82964957 0.82820225 0.8534112 ]]
de reached the hotel  on sunday it
[[0.88589704 0.89001286 0.8965268  0.8856045  0.88929963 0.90371376
  0.9025989  0.8898762  0.88729244 0.8868621 ]]
[[0.8986106  0.9018736  0.9032929  0.887956   0.90334415 0.8983059
  0.89138806 0.9006741  0.89843595 0.8969934 ]]
the  is the piece  sez he
[[0.91357076 0.9061922  0.8847697  0.9008751  0.8963437  0.8897286
  0.8805022  0.88101125 0.88481045 0.9150793 ]]
[[0.88093257 0.88781637 0.883499   0.90539086 0.88148093 0.90668166
  0.88145137 0.9087492  0.8803616  0.88099635]]
oh dear uncle   said mrs  wilson
[[0.25275597 0.01795483 0.89185894 0.16448393 0.8873044  0.33073646
  0.06686628 0.10400257 0.12450555 0.882571  ]]
[[0.03955612 0.04225031 0.03451881 0.03953075 0.0347867  0.03060982
  0.0340147  0.02629179 0.02202639 0.07185474]]
rejoined pedro to anna gravely   where is
[[0.8908023  0.89184755 0.8896444  0.8893083  0.88996434 0.88910764
  0.88760155 0.89451194 0.8877635  0.89095336]]
[[8.8741255e-01 8.8732052e-01 8.9086664e-01 8.9080811e-01 8.9012516e-01
  8.8769537e-01 8.8503826e-01 8.8992345e-01 8.9077091e-01 9.5132076e-05]]
