 india  fifteen minutes more he passed
[[0.7133064  0.9088098  0.6287597  0.56346864 0.8450799  0.6960976
  0.7418103  0.25635126 0.3580881  0.30942354]]
[[0.29876602 0.30604032 0.28764066 0.253223   0.35287434 0.2799942
  0.34692207 0.29020095 0.30925423 0.3336695 ]]
eight section go to the church to recover
[[0.9248655  0.9086022  0.9103652  0.9357276  0.88593423 0.90464103
  0.9217783  0.88518816 0.9386921  0.9191714 ]]
[[0.92291844 0.8932813  0.90571415 0.91710806 0.8859186  0.89162487
  0.8873887  0.89881074 0.8956588  0.8952472 ]]
answer that he asked questions to come to
[[0.907248   0.90041035 0.89797926 0.89692473 0.8785843  0.8985647
  0.8961793  0.88516426 0.89507616 0.8921715 ]]
[[0.866096   0.8623315  0.8933909  0.8510661  0.86516    0.84916866
  0.87627184 0.84669894 0.9011753  0.71852255]]
he at the track by entering the bridge
[[0.8914847  0.87285143 0.91231656 0.9026519  0.8917445  0.9244623
  0.8981596  0.89462894 0.88225734 0.885237  ]]
[[0.88360006 0.88490176 0.89440143 0.89784825 0.8975711  0.90837
  0.89031845 0.87974    0.90534914 0.8924586 ]]
from my hand which had no interest in
[[0.8649595  0.8755876  0.88003695 0.86853015 0.8704132  0.88157266
  0.8719001  0.87680465 0.8707491  0.87917686]]
[[0.859388   0.85207963 0.86231804 0.860746   0.8526073  0.8435006
  0.8680074  0.85644555 0.8105526  0.85756207]]
 he took their seat again and felt
[[0.8829084  0.8498438  0.872626   0.87561107 0.85674983 0.8493219
  0.8717135  0.86391354 0.872924   0.9021081 ]]
[[0.895784   0.8698442  0.89685535 0.87408656 0.89409155 0.89578664
  0.87402236 0.87733024 0.18749386 0.89394367]]
are not thoroughly stirred until in poor
[[0.8437601  0.8517015  0.8641422  0.85557187 0.86103046 0.76816565
  0.87616193 0.8848111  0.8938743  0.86111355]]
[[0.85265017 0.8804352  0.25418693 0.81299037 0.8807081  0.7857785
  0.77644444 0.8565699  0.7024182  0.8639891 ]]
life been sobbed philip in the behalf of
[[0.9143522  0.91868275 0.8995105  0.8897951  0.90771234 0.9319377
  0.896628   0.8936815  0.95583665 0.93445385]]
[[0.91564584 0.9000194  0.88747454 0.93570316 0.8950241  0.8790964
  0.8977448  0.9070561  0.89314616 0.9180644 ]]
violently between the putting into his and
[[0.8389588  0.875442   0.8558066  0.83345956 0.83069336 0.8402338
  0.8660871  0.85460794 0.8329377  0.8491422 ]]
[[0.8321905  0.83088815 0.8639525  0.82834935 0.8294603  0.83792096
  0.8489826  0.82659936 0.8860402  0.8371718 ]]
must depart it is to establish before
[[0.8894734  0.8886095  0.88591486 0.87462926 0.90422344 0.8727672
  0.9064573  0.90536666 0.89634    0.9185473 ]]
[[0.9049848  0.90412533 0.87697446 0.83583647 0.90460885 0.89909387
  0.4412534  0.8918589  0.3970418  0.90856016]]
that he had also seen her  
[[0.8380365  0.8470124  0.89020765 0.8392146  0.860903   0.84120333
  0.84626657 0.84369975 0.8441545  0.84034246]]
[[0.24003655 0.03124782 0.25048023 0.03867951 0.24246603 0.75037503
  0.88989514 0.11928985 0.07717973 0.03775415]]
more serious than by you do know
[[0.9026556  0.88377035 0.7558607  0.9056079  0.90961885 0.9065491
  0.8657596  0.91418225 0.8209679  0.89443606]]
[[0.18597999 0.15213159 0.1713121  0.16756618 0.16989413 0.13628635
  0.17009631 0.1566503  0.20920625 0.12834406]]
half the purpose after leaving about the father
[[0.919308   0.9364067  0.9429402  0.91469014 0.91125053 0.9463932
  0.91646445 0.94304085 0.8970281  0.9375908 ]]
[[0.9366236  0.9125012  0.90651387 0.94201446 0.9252794  0.9054667
  0.9033601  0.921033   0.8762252  0.91542697]]
few weeks ago hard old iron woman with
[[0.8695872  0.88075745 0.88391876 0.8804728  0.8726395  0.87554836
  0.87870324 0.8716251  0.8736472  0.8758271 ]]
[[0.8565001  0.8561209  0.85703576 0.8516422  0.8101653  0.85761327
  0.85731244 0.8588773  0.60508376 0.85131973]]
the sun was not broken short at any
[[0.9395011  0.9102167  0.8852649  0.88973737 0.87586534 0.8702843
  0.90119785 0.8945537  0.8674079  0.91365194]]
[[0.89384985 0.866925   0.89214706 0.85249877 0.8565966  0.91478944
  0.851588   0.86749554 0.92090225 0.8799802 ]]
was a bull turned from sam 
[[0.87655115 0.90595126 0.8543031  0.7874892  0.8685413  0.84742194
  0.90067446 0.9029898  0.8900373  0.87514573]]
[[0.9138622  0.9015223  0.1674461  0.9024613  0.688295   0.01071471
  0.89227927 0.0128822  0.8331425  0.2925138 ]]
inconsistent with considerable energy of with them 
[[0.8751104  0.8504715  0.8569743  0.8675906  0.8672338  0.8918794
  0.85713565 0.8630525  0.8639058  0.86421216]]
[[0.8732891  0.8573328  0.8744434  0.8687949  0.8530995  0.8777392
  0.8713671  0.86310405 0.8536531  0.8746819 ]]
little partner merry fortune   
[[0.0465785  0.04882628 0.05139005 0.05118871 0.05215329 0.04438451
  0.04319668 0.04681844 0.04566172 0.0505667 ]]
[[0.04340744 0.04222357 0.04211712 0.04211012 0.04416135 0.04204622
  0.04145327 0.04040334 0.03798759 0.04050893]]
  he is very wicked and very happy
[[0.87052214 0.8874451  0.8838575  0.88000447 0.87745667 0.87322867
  0.8823638  0.895113   0.87413156 0.8956418 ]]
[[0.8884209  0.889618   0.85923064 0.87783647 0.8800584  0.8945576
  0.8767617  0.8823161  0.22134197 0.8878287 ]]
sez i    we must tell the
[[0.8970083  0.90782917 0.89596254 0.9327254  0.9050524  0.9237021
  0.8898078  0.9192766  0.8990295  0.9145661 ]]
[[0.88690186 0.89540505 0.8950618  0.9153649  0.93822163 0.9280945
  0.89060366 0.90355885 0.88552845 0.90668744]]
he is my lord of those who 
[[0.88509387 0.87849164 0.8890178  0.9046092  0.8834735  0.87730503
  0.90827084 0.87927043 0.8765898  0.8856683 ]]
[[0.9056456  0.87948346 0.8626293  0.87540805 0.8770998  0.88770497
  0.8697382  0.88521254 0.87305814 0.8932235 ]]
    look that distance jellyby and
[[0.82803166 0.8243071  0.8106548 ]]
[[0.82803166 0.8243071  0.8106548 ]]
  i wait for a  examples
[[0.91085577 0.93053246 0.9173968  0.89598364 0.9042107  0.91575134
  0.9273361  0.9083514  0.8696104  0.8971565 ]]
[[0.91637623 0.91683704 0.88825816 0.8903444  0.90687764 0.41135705
  0.8801728  0.2925227  0.2292948  0.34946868]]
 of three to rest   
[[0.87510383 0.8736143  0.85670984 0.8543252  0.34077227 0.8611779
  0.86936855 0.88308203 0.85015523 0.8711633 ]]
[[0.8830743  0.8893306  0.8972535  0.86199313 0.872313   0.8172491
  0.8970711  0.8655565  0.8671076  0.85552347]]
  so i had not in the city
[[0.8781692  0.87840104 0.89134645 0.89165646 0.88000107 0.91736686
  0.9364376  0.88615334 0.89210427 0.8717502 ]]
[[0.87598026 0.86298573 0.86713374 0.91469294 0.8935704  0.8412664
  0.86149096 0.8815595  0.859089   0.8790205 ]]
  reddy fox and mother and said that
[[0.8782344  0.87599397 0.86840814 0.8550594  0.8564013  0.86977553
  0.8466008  0.84853613 0.8441963  0.84113145]]
[[0.84192276 0.8471136  0.8718214  0.8416439  0.85951674 0.86644185
  0.86665237 0.84611636 0.8529291  0.86098003]]
 likely place that was with such matters
[[0.88006175 0.35809743 0.89700973 0.76316756 0.871665   0.90508866
  0.9010819  0.7564132  0.79468703 0.86685234]]
[[0.14938885 0.87503886 0.8607937  0.13785386 0.15938199 0.138859
  0.09137401 0.08255085 0.04083669 0.88734007]]
not do that but i go through 
[[0.7834151  0.5990286  0.01529273 0.01112571 0.54352224 0.05112633
  0.82471275 0.01532218 0.24109963 0.688922  ]]
[[0.0144515  0.01993936 0.01940322 0.02854905 0.01395184 0.01263618
  0.01227549 0.05071196 0.011489   0.83323336]]
in return my bones as well as their
[[0.86280656 0.8529837  0.87438536 0.887216   0.86700535 0.8410324
  0.77742213 0.8388233  0.8815602  0.8811485 ]]
[[0.82894397 0.8821845  0.8262803  0.84727395 0.82612944 0.82069457
  0.44896287 0.7872205  0.21811557 0.87350035]]
the operation of this young gave peculiar
[[0.9523619  0.94895613 0.9537215  0.9685991  0.92541087 0.9203824
  0.90448356 0.9600998  0.9677103  0.9443327 ]]
[[0.85338485 0.8722732  0.86512566 0.88047683 0.8540728  0.8707688
  0.86506903 0.8774308  0.87715507 0.8922558 ]]
in a degree you manner possible for the
[[0.92823017 0.9664018  0.91522825 0.97269285 0.91958356 0.97175336
  0.95579433 0.98405623 0.93539035 0.955738  ]]
[[0.8831717  0.9532945  0.96628076 0.9311845  0.9303405  0.9281527
  0.8917046  0.9212116  0.9467921  0.9393672 ]]
 captain wopper felt his loyalty from  
[[0.14553005 0.12652078 0.14233592 0.3562961  0.13116759 0.12051725]]
[[0.14553005 0.12652078 0.14233592 0.3562961  0.13116759 0.12051725]]
more and temper was half sharp in
[[0.8600215  0.85345507 0.8491194  0.86416364 0.84760046 0.8768599
  0.85764897 0.8650756  0.8580314  0.86364555]]
[[0.8877686  0.8532672  0.8774468  0.8695082  0.8884673  0.8768637
  0.8762777  0.8999355  0.2891334  0.87004215]]
the great families were in number of
[[0.8561216  0.8844458  0.85709727 0.9027265  0.8781282  0.89107853
  0.8872076  0.90860415 0.86969507 0.8951827 ]]
[[0.8645302  0.83648217 0.84013903 0.8337984  0.8553797  0.85227823
  0.86757505 0.832036   0.8333796  0.849257  ]]
and when i tried to the greatest
[[0.94319886 0.9340271  0.92842805 0.9005641  0.906268   0.9027039
  0.90988904 0.85853994 0.91212577 0.8959693 ]]
[[0.8830829  0.8666413  0.905938   0.8631633  0.8576796  0.8741636
  0.87083375 0.8993161  0.86478734 0.89163125]]
that which he of course a the
[[0.84698284 0.8487245  0.88219434 0.8572221  0.8629005  0.8848182
  0.9092195  0.8855654  0.84160686 0.89489365]]
[[0.8849497  0.87645185 0.8505558  0.89849705 0.8879459  0.8936828
  0.90322125 0.83942956 0.8429035  0.8218356 ]]
some of us who can understand that he
[[0.94394815 0.95972455 0.97648287 0.9674175  0.9707645  0.96626836
  0.9708997  0.94296354 0.9384296  0.97367775]]
[[0.92492557 0.93563664 0.9464439  0.922735   0.92264384 0.9209546
  0.92350984 0.94272316 0.9285108  0.90155876]]
well informed you the letter    
[[0.91240996 0.8864564  0.90260386 0.8936033  0.86017764 0.9040166
  0.8838438  0.88136005 0.8312552  0.8906679 ]]
[[0.94924235 0.926297   0.94297504 0.9442741  0.9638786  0.8972093
  0.9368895  0.9432652  0.94467604 0.9101771 ]]
then where he had the grown strong 
[[0.83442223 0.8571578  0.83894324 0.83901644 0.84459054 0.8403872
  0.8523915  0.8380759  0.89192903 0.83525574]]
[[0.8794879  0.89137936 0.8850683  0.9110961  0.8911245  0.87424505
  0.90093565 0.8851146  0.8160426  0.854115  ]]
i knew una had wept  he 
[[0.3713169  0.6084949  0.77056134 0.8875265  0.698504   0.8948518
  0.57441455 0.84100306 0.51248455 0.39197463]]
[[0.37316436 0.3706435  0.39754277 0.37997872 0.27834624 0.34016934
  0.374942   0.40199542 0.37291712 0.39155665]]
