a even bullet through which our life
[[0.8439845  0.86925626 0.85809135 0.7795444  0.8473188  0.8597549
  0.21958649 0.84451276 0.02284801 0.8330767 ]]
[[0.7877704  0.8245907  0.82579434 0.7954856  0.5675842  0.45427552
  0.8166925  0.716862   0.73466617 0.07340416]]
to our new dramatic monarch   
[[0.86839926 0.8758595  0.8649936  0.8580235  0.871089   0.8641249
  0.87895966 0.88576317 0.86938053 0.83782166]]
[[0.88498807 0.8843669  0.87671196 0.88018    0.8788528  0.8788912
  0.08705282 0.8813363  0.7652358  0.7990673 ]]
have our attack must be fall upon the
[[0.9367105  0.9554743  0.9280665  0.9492243  0.9336456  0.9220214
  0.9003302  0.9309291  0.9304689  0.92712975]]
[[0.90215933 0.91170573 0.89326876 0.92405677 0.876585   0.8545345
  0.9335692  0.8818674  0.9116354  0.8166163 ]]
purchase on a forbidden ground in any
[[0.8971515  0.89889157 0.89989984 0.8990328  0.899204   0.8986103
  0.8880333  0.89925736 0.89690846 0.899746  ]]
[[0.9015711  0.9023787  0.7467494  0.90256107 0.9014276  0.85283875
  0.89940447 0.1783514  0.8759868  0.8941528 ]]
i would not mount nor follow him 
[[0.8562672  0.40362346 0.8613855  0.33803645 0.00834087 0.0384779
  0.01748833 0.16346449 0.05724549 0.37520823]]
[[0.02911967 0.02108529 0.01001811 0.0111632  0.01141253 0.01365474
  0.02173826 0.01701143 0.01091552 0.06906801]]
silence then took the chairs that closed and
[[0.911512   0.935798   0.93377554 0.93791044 0.8932346  0.92480487
  0.9263243  0.8860146  0.8959286  0.95632696]]
[[0.9177625  0.91378295 0.93063664 0.90957904 0.93130904 0.937971
  0.92569983 0.89978945 0.89394104 0.9226326 ]]
are it he cried while she entered life
[[0.86336714 0.86773515 0.8715973  0.87231517 0.87347025 0.8663051
  0.87105656 0.8671523  0.87505555 0.8703598 ]]
[[0.87635326 0.8772571  0.86885744 0.8721845  0.8725273  0.8746754
  0.88006884 0.8707214  0.86034024 0.87272835]]
then true for its sake on himself
[[0.90967345 0.9103942  0.14400569 0.90825665 0.3807463  0.9103049
  0.0732677  0.9104418  0.78930473 0.09204975]]
[[0.07094491 0.0563637  0.05568516 0.17971358 0.08350071 0.07399511
  0.06446275 0.09547874 0.19586411 0.01229706]]
colours because i was full and they made
[[0.8625182  0.85580134 0.86177707 0.8671356  0.8562627  0.865523
  0.8668675  0.8658951  0.86518145 0.8660309 ]]
[[0.8621434  0.8648852  0.86110675 0.8632     0.86236465 0.86428785
  0.86397815 0.86103225 0.8624692  0.8677486 ]]
in writing  i sometimes saw the introduction
[[0.87143004 0.8671247  0.85956013 0.84272695 0.86065745 0.87795204
  0.8424253  0.90229714 0.8595951  0.8577523 ]]
[[0.83927584 0.8418525  0.8649217  0.86633176 0.86181986 0.84438634
  0.87300634 0.8415981  0.85637814 0.8548359 ]]
and even i am sure he will never
[[0.8396965  0.86053157 0.8416847  0.8263367  0.85321933 0.8486339
  0.85084057 0.8479084  0.842107   0.84940654]]
[[0.8431039  0.80693084 0.8530762  0.8505317  0.84629905 0.8545532
  0.8533777  0.84132934 0.8486923  0.852823  ]]
she answered   presently i said
[[0.88292956 0.8547733  0.8621988  0.8892139  0.8667918  0.88883376
  0.88795245 0.8487823  0.8781103  0.8761225 ]]
[[0.02895314 0.02770951 0.03030333 0.02767915 0.02666155 0.03184998
  0.02515906 0.02218279 0.02576447 0.02618909]]
he held his hand for a and a
[[0.8732417  0.88266045 0.8714564  0.88054204 0.85916185 0.8786547
  0.88072854 0.86677825 0.877692   0.8953054 ]]
[[0.8555722  0.8488647  0.85651404 0.86238545 0.85602    0.85717946
  0.8521469  0.03810027 0.85864186 0.852973  ]]
manuela it was for her fear  
[[0.89365697 0.8914725  0.89762545 0.89341605 0.81074715 0.47276312
  0.82134986 0.64838505 0.8656261 ]]
[[0.89365697 0.8914725  0.89762545 0.89341605 0.81074715 0.47276312
  0.82134986 0.64838505 0.8656261 ]]
within hollow her large eyes large full
[[0.904245   0.90256655 0.02753043 0.72901887 0.08576465 0.04136962
  0.03262469 0.8806987  0.84855855 0.13345107]]
[[0.04106945 0.03876024 0.03646991 0.04271105 0.03443864 0.04131955
  0.05189851 0.03760487 0.04432911 0.03907594]]
must exist except one of single or colour
[[0.8957066  0.897141   0.8891178  0.8886354  0.89092654 0.8864026
  0.8838938  0.88982904 0.88487023 0.88563454]]
[[0.8988279  0.898999   0.90388185 0.89789855 0.9057356  0.9033227
  0.8990737  0.89460814 0.902154   0.8838825 ]]
  i am still to look upon the
[[0.87712836 0.87373084 0.8964004  0.8810668  0.8388299  0.8886175
  0.8609755  0.8980316  0.87638676 0.93189967]]
[[0.87859905 0.9188048  0.90114033 0.8981836  0.9029907  0.89658344
  0.8572289  0.85276914 0.9018568  0.8675655 ]]
led to the colonel  he had
[[0.88169044 0.86604816 0.8724731  0.8751521  0.8688522  0.870484
  0.8822822  0.87364537 0.88044286 0.8748958 ]]
[[0.874956   0.8963554  0.86975825 0.87097514 0.8753835  0.87002957
  0.8748324  0.8716821  0.88357687 0.86660075]]
i believe i will never let him go
[[0.8794793  0.8792546  0.8863646  0.8787569  0.88677156 0.8835747
  0.8867174  0.88137364 0.88194513 0.8858596 ]]
[[0.88122517 0.8861958  0.8857912  0.88457525 0.886263   0.8822102
  0.88419527 0.88461864 0.8836787  0.8856807 ]]
  how you did  i have been
[[0.7938224  0.7838774  0.03677335 0.89073044 0.01945716 0.01306641
  0.87045777 0.8781169  0.07624614 0.8736658 ]]
[[0.01031122 0.01321113 0.01344496 0.00931737 0.00816897 0.01054484
  0.01279429 0.0092966  0.01238212 0.01009086]]
  of introduction  many of
[[0.8597965  0.8486224  0.86876464 0.805984   0.80680907 0.8132827
  0.863731   0.8342257  0.8171718  0.8454114 ]]
[[0.83459604 0.8772633  0.8818655  0.8236622  0.8465742  0.8825368
  0.81128556 0.8165982  0.8698408  0.8141802 ]]
other but he found his courage at least
[[0.84969383 0.8609868  0.86494106 0.86000544 0.86165714 0.8612281
  0.866547   0.8614952  0.8647806  0.8607079 ]]
[[0.8280154  0.79313266 0.6953145  0.7680851  0.8373836  0.519442
  0.7990953  0.57922626 0.245098   0.8598684 ]]
    i should not smell the
[[0.910846   0.8669932  0.8432561  0.85624063 0.83887994 0.90008587
  0.9004159  0.8898403  0.8448225  0.8384138 ]]
[[0.8543793  0.8371489  0.86390465 0.8695301  0.84230244 0.8616222
  0.83843863 0.8424634  0.8424837  0.8629611 ]]
my life very that was than ever
[[0.8624232  0.8782439  0.03130448 0.8724692  0.8801048  0.11902127
  0.85062075 0.87173164 0.895103   0.8984805 ]]
[[0.02065477 0.33266738 0.01698476 0.01668942 0.05663669 0.01249024
  0.06551111 0.8761628  0.00385886 0.9034096 ]]
  i would then  this change at
[[0.32488042 0.8167434  0.11874294 0.39069062 0.17588809 0.10054022
  0.2919362  0.18876353 0.35082495 0.3020845 ]]
[[0.36539936 0.35458022 0.33038083 0.3976915  0.37464145 0.39715806
  0.38835686 0.33984622 0.4716964  0.5408064 ]]
earl of french french    ill bob
[[0.85627735 0.8642084  0.89867    0.8886504  0.8881015  0.8780964
  0.89876133 0.90914345 0.89892596 0.85615134]]
[[0.9078866  0.907395   0.90797424 0.8573811  0.9068018  0.9069371
  0.9054693  0.9070883  0.9070528  0.9076537 ]]
sit here alone      
[[0.05126414 0.07737979 0.07746178 0.07566082 0.10260248 0.07799071
  0.05616561 0.062264   0.06224397 0.05457515]]
[[0.08622292 0.08587831 0.07417411 0.08555979 0.09787109 0.07752055
  0.08135766 0.09294555 0.10847047 0.0730997 ]]
i know i don know that the 
[[0.91371894 0.8765842  0.871952   0.8855668  0.8655404  0.87772834
  0.8946047  0.8617984  0.85315704 0.8446615 ]]
[[0.8498237  0.8515105  0.8549849  0.8469416  0.84543514 0.8510581
  0.84269214 0.85243094 0.85709226 0.84094256]]
 deem  remember that he was interests
[[0.89156544 0.88480777 0.90181434 0.8964802  0.8865404  0.8863987
  0.4110264  0.8323922  0.88794845 0.43388623]]
[[0.11853361 0.1421346  0.22523355 0.3712703  0.13471666 0.4781648
  0.8907162  0.7920813  0.09659874 0.08525234]]
 fourth in  there is a 
[[0.8532779  0.8434272  0.8642452  0.8498771  0.8521246  0.85849625
  0.8718711  0.8444103  0.8419683  0.85316503]]
[[0.8640257  0.8602316  0.8614573  0.86375725 0.8631004  0.8546032
  0.8606413  0.85387105 0.86044943 0.8671738 ]]
i don mean to come in all 
[[0.9013275  0.914278   0.90209794 0.9007586  0.87972134 0.90189314
  0.8916618  0.9001694  0.8956157  0.89811766]]
[[0.9094387  0.9001169  0.9065354  0.90446365 0.8969239  0.90797806
  0.9098201  0.8896439  0.8896318  0.8712508 ]]
smiling  but hetty himself across the
[[0.8456725  0.8793557  0.85396135 0.8927587  0.8428993  0.8449005
  0.8678441  0.8373966  0.8696632  0.8687887 ]]
[[0.86884964 0.84027576 0.8814291  0.866965   0.9003211  0.83294606
  0.8604629  0.8362478  0.83113796 0.84904134]]
oh don  your true taste white 
[[0.49867833 0.22834092 0.14539352 0.05015859 0.04435611 0.10974404
  0.16012296 0.13232496 0.11183017 0.12263569]]
[[0.07063901 0.07509866 0.07053572 0.07654071 0.07112992 0.06451485
  0.07588273 0.07118201 0.06594026 0.07626355]]
the car       oh
[[0.8588481  0.8123544  0.8976853  0.88228315 0.8740759  0.894858
  0.82847846 0.88249105 0.83917624 0.8770246 ]]
[[0.85938215 0.896247   0.8722039  0.855948   0.86437786 0.85625905
  0.86324096 0.8511715  0.84587824 0.8416614 ]]
suppose i should arrange as important a corresponding
[[0.8855046  0.8865231  0.8853545  0.8842261  0.8887068  0.886534
  0.8842623  0.88529265 0.8840826  0.886404  ]]
[[0.8844992  0.8850517  0.8859303  0.88226616 0.8837594  0.88312113
  0.8896484  0.883526   0.88949245 0.89053047]]
there was one bright and an only bone
[[0.8836617  0.8809333  0.8812525  0.8863578  0.88157773 0.87989163
  0.88405627 0.9063499  0.87692225 0.8708502 ]]
[[0.885437   0.8871639  0.884517   0.88477045 0.88394743 0.8829549
  0.88273025 0.8848958  0.8693758  0.8856878 ]]
